Name	Pinyin	English	Source	LEN	VAR	IMG	FAM	VC	FREQ	NA	H value	CA	AoA_r	AoA_o	error	RT_harm
算盘	suan4 pan2	abacus	4	2	3.36	4.33	4.64	3.68	1.71	0.88	0.54	1	3.44	5.74	0.03	894
水母	shui3 mu3	acaleph	4	2	2.62	3.37	2.67	3.84	1.6	0.25	2.72	0.28	6.25	10.86	0.34	1635
手风琴	shou3 feng1 qin2	accordion	1	3	3.21	4	4.14	3.89	1.94	0.78	0.64	0.93	4	10.5	0.06	1102
飞机	fei1 ji1	air plane	1	2	3.31	4.28	4.67	2.62	2.97	0.9	0.55	1	2.76	2.25	0	748
闹钟	nao4 zhong1	alarm clock	5	2	2.86	4.11	4.75	3.86	3.97	0.85	0.71	1	3.81	3.41	0.03	818
鳄鱼	e4 yu2	alligator	1	2	2.69	4.31	4.17	3.86	2.09	0.9	0.62	0.95	4.18	4.42	0	1050
救护车	jiu4 hu4 che1	ambulance	4	3	2.6	3.72	4.5	2.97	2.43	0.93	0.45	0.98	4.31	4.66	0.03	1091
锚	mao2	anchor	1	1	1.95	2.96	3.5	2.11	1.94	0.45	1.95	0.48	5.63	11	0.37	1423
蚂蚁	ma3 yi3	ant	1	2	3.1	3.42	3.92	3.43	2.34	0.58	1.71	0.58	2.4	4.58	0.11	1282
天线	tian1 xian4	antenna	5	2	2.88	3.4	4.36	2.24	2.46	0.43	1.8	0.55	3.88	10.8	0.09	1148
苹果	ping2 guo3	apple	1	2	3.05	4.03	4.81	1.62	3.86	0.95	0.17	0.95	1.94	2.25	0	1016
手臂	shou3 bi4	arm	1	2	2.62	4.11	4.92	2.05	3.69	0.53	2.15	1	2.5	3.56	0	895
箭	jian4	arrow	5	1	2.81	3.45	4.44	1.38	2.14	0.63	1.31	0.78	3.31	4.72	0	1062
箭头	jian4 tou2	arrow	1	2	2.83	4.17	4.61	1.19	2.88	0.73	1.6	1	4.38	5.19	0	848
烟灰缸	yan1 hui1 gang1	ashtray	1	3	3.12	3.75	3.61	2.08	2.34	0.43	2.18	0.48	3.94	10.7	0.26	1390
斧头	fu3 tou2	axe	1	2	3.29	4.49	4.78	1.76	1.94	0.73	1.04	1	3.12	5.77	0.03	860
羽毛球	yu3 mao2 qiu2	badminton	4	3	3.38	4.63	4.92	3.68	3.03	1	0	1	4.18	4.58	0	839
书包	shu1 bao1	bag	5	2	2.95	3.06	4.75	2.43	4.31	0.6	2.03	1	2.56	4.66	0	866
气球	qi4 qiu2	ball	1	2	3.07	4.42	4.69	1.14	2.8	0.95	0.17	0.95	2	2.81	0.06	1007
竹子	zhu2 zi3	bamboo	5	2	2.55	3.97	4.72	2.05	2.29	0.73	0.91	0.93	3.31	4.58	0	975
笋	sun3	bamboo sprouts	5	1	2.57	3.74	3.69	4.27	2.31	0.35	1.72	0.7	4.47	10.35	0.03	1231
香蕉	xiang1 jiao1	banana	1	2	3.12	4.08	4.72	1.43	3.68	1	0	1	2.18	2.63	0.06	906
乐队	le4 dui4	band	2	2	2.73	3.63	4.36	4.73	2.23	0.88	0.63	0.93	5.38	10.33	0	1182
篮子	lan2 zi3	basket	1	2	3.45	3.64	4.42	3.83	2.66	0.63	2	0.98	2.25	4.73	0	924
篮球	lan2 qiu2	basket-ball	5	2	2.95	3.88	4.53	1.54	3.66	0.75	0.95	0.75	4.25	8.27	0.03	1068
蝙蝠	bian1 fu2	bat	1	2	2.36	4.17	4.11	3.11	2	0.98	0	0.98	4	5.58	0.03	1022
浴缸	yu4 gang1	bathtub	4	2	2.79	4.17	4.39	2.24	2.37	0.5	2.18	0.9	5.31	5.68	0.03	1076
熊	xiong2	bear	1	1	2.93	3.61	3.89	3.19	2.65	0.45	1.4	0.9	4.47	10.45	0.03	1221
床	chuang2	bed	1	1	3	4	4.89	2.65	4.51	0.88	0.63	1	1.94	2.84	0	710
蜜蜂	mi4 feng1	bee	1	2	3.43	3.33	3.75	3.78	2.6	0.38	2.55	0.45	2.35	10.32	0.03	1282
甲虫	jia3 chong2	beetle	1	2	3.14	3.22	3.56	2.81	2.06	0.13	3.3	0.45	3.81	10.59	0.2	1459
铃铛	ling2 dang1	bell	1	2	2.24	3.97	4.61	2.46	2.26	0.4	1.93	0.68	2.94	4.41	0.03	1022
皮带	pi2 dai4	belt	1	2	3.02	4.22	4.75	1.97	3.49	0.53	1.77	0.85	3.35	4.69	0	993
自行车	zi4 xing2 che1	bike	1	3	3.43	4.33	4.94	3.57	4.17	0.98	0.17	1	2.81	2.81	0	763
打气筒	da3 qi4 tong3	bicycle pump	1	3	2.88	4.26	4.25	1.86	3.14	0.58	1.78	0.88	3.5	4.68	0.06	1202
望远镜	wang4 yuan3 jing4	binocular	1	3	3.07	4.17	3.97	3.78	2.26	0.73	0.18	0.95	4.18	7.17	0.03	1063
小鸟	xiao3 niao3	bird	1	2	3.55	4.22	4.47	2.65	3.37	0.53	2.01	0.95	1.56	2.74	0.09	972
鸟巢	niao3 chao2	bird's nest	1	2	2.79	3.97	3.78	4.62	2.31	0.43	1.69	0.83	3	7	0.06	1537
血	xue4	blood	2	1	2.81	3.2	3.61	3.43	3.17	0.5	2.4	0.73	1.81	6.25	0.06	1411
上衣	shang4 yi1	blouse	1	2	3.29	4.08	4.81	2.46	3.94	0.23	3.37	1	3.44	10.91	0.03	959
船	chuan2	boat	4	1	3.71	3.56	4.5	3.73	2.57	0.53	2.3	0.98	2.56	4.2	0	1026
骨头	gu3 tou2	bone	2	2	3.26	4.61	4.33	2.16	2.77	0.95	0.34	1	2.5	3.18	0.03	910
书	shu1	book	1	1	3.62	4.4	4.83	2.22	4.63	0.88	0.71	1	1.88	2.84	0	799
书架	shu1 jia4	bookshelf	4	2	3.02	3.81	4.47	2.67	3.69	0.65	1.44	0.95	3.71	7.09	0	1088
靴子	xue1 zi3	boot	1	2	2.81	3.63	4.75	2.24	2.76	0.65	2.05	0.88	4.59	7.45	0	920
瓶子	ping2 zi3	bottle	1	2	3.69	4.14	4.75	1.51	3.23	0.45	1.81	1	2.35	3.67	0	853
弓	gong1	bow	4	1	2.71	3.74	4.14	2.11	1.94	0.83	0.63	0.9	3.56	8.27	0	1069
蝴蝶结	hu2 die2 jie2	bowknot	1	3	3.36	3.83	4.61	2.14	2.29	0.7	1.1	0.93	3.25	5.78	0.03	907
碗	wan3	bow	1	1	2.74	4.14	4.69	1.59	3.97	1	0	1	1.56	2.48	0	782
盒子	he2 zi3	box	1	2	2.83	3.6	4.06	1.22	3.69	0.5	2.47	0.65	2.06	5.68	0.06	1083
大脑	da4 nao3	brain	5	2	3.05	4.26	3.81	4.11	3.62	0.65	1.35	0.95	4.06	10.36	0	1017
面包	mian4 bao1	bread	1	2	3.93	3.75	4.42	1.84	4.03	0.75	1.07	0.9	3.25	3.56	0.03	973
桥	qiao2	bridge	4	1	3.05	3.08	4.42	3.08	3.11	0.53	2.19	1	2.71	3.73	0.06	1053
刀	dao1	broadsword	5	1	2.74	3.33	4.5	2.14	3.43	0.58	1.47	0.95	2.5	7.09	0.03	881
扫帚	sao3 zhou3	broom	1	2	3.21	3.92	4.72	2.73	3.54	0.43	2.19	0.8	2.2	6.94	0.06	1038
刷子	shua1 zi3	brush	1	2	2.93	3.79	4.58	2.65	2.89	0.83	0.97	0.95	3	10.45	0.03	898
水桶	shui3 tong3	barrel	1	2	3.36	3.75	4.31	2.65	2.91	0.55	1.77	0.98	2.41	5.67	0	1022
子弹	zi3 dan4	bullet	5	2	2.48	3.47	4.25	3.03	2.2	0.8	0.83	0.85	3.63	5.74	0.09	1191
公交车	gong1 jiao1 che1	bus	1	3	3.36	4.31	4.94	3.54	4.17	0.43	2.4	1	5.25	3.19	0	1026
蝴蝶	hu2 die2	butterfly	1	2	2.9	4.58	4.78	3.43	2.29	0.98	0.17	0.98	2.88	1.94	0	727
钮扣	niu3 kou4	button	1	2	3.33	4.44	4.25	1.65	3.51	0.5	1.13	0.85	2.65	3.56	0.09	1054
白菜	bai2 cai4	cabbage	5	2	2.95	3.79	4.22	4.27	3.65	0.75	1.34	0.9	2.13	3.67	0.06	920
仙人掌	xian1 ren2 zhang3	cactus	4	3	2.88	3.11	3.97	3.27	1.91	0.73	0.91	0.75	3.69	5.73	0.11	1264
蛋糕	dan4 gao1	cake	1	2	3.1	3.5	4.56	2.75	3.29	0.88	0.18	0.88	3.06	3.56	0.03	973
日历	ri4 li4	calendar	5	2	3.62	3.83	4.86	2.68	3.51	0.9	0.62	1	2.81	7.44	0	924
骆驼	luo4 tuo2	camel	1	2	2.93	3.34	4.36	3.03	1.89	0.8	0.79	0.98	3.5	4.72	0.03	939
照相机	zhao4 xiang1 ji1	camera	1	3	3.48	4.17	4.72	3.78	3.23	0.6	0.97	1	4.13	3.78	0	876
蜡烛	la4 zhu2	candle	1	2	2.81	4.64	4.83	2.16	2.29	0.93	0.45	1	2.38	3.78	0	757
糖	tang2	candy	4	1	2.88	4.31	4.64	2.49	3.73	0.6	1.09	0.95	1.71	2.63	0.03	929
大炮	da4 pao2	cannon	1	2	3.64	3.11	3.69	3.84	1.94	0.63	1.44	0.8	3.06	10.35	0.17	1136
帽子	mao4 zi3	cap	1	2	3.62	2.97	4.58	1.92	3.31	0.8	1.03	1	2	4.17	0	832
轿车	jiao4 che1	car	1	2	3.62	4.19	4.89	3.68	3.44	0.35	2.15	1	4	2.74	0	906
扑克	pu1 ke4	card	4	2	2.95	4.06	4.94	2.32	2.63	0.58	1.6	1	3.47	4.18	0	816
萝卜	luo2 bu3	carrot	1	2	3.07	3.94	4.78	2.54	3.24	0.5	1.14	1	2.53	4.6	0	839
猫	mao1	cat	1	1	3.07	3.75	4.75	2.3	3.11	0.98	0.17	0.98	1.88	2.86	0.03	839
弹弓	dan4 gong1	catapult	4	2	2.83	4.56	4.67	2.16	1.66	0.75	1.1	0.85	2.69	10.55	0.06	1178
毛毛虫	mao2 mao2 chong2	caterpillar	1	3	2.38	4.08	4	3.27	2.06	0.55	1.57	0.65	4.88	5.78	0.09	927
芹菜	qin2 cai4	celery	1	2	3.07	3.46	4	3.86	3.26	0.55	1.89	0.55	3.29	10.55	0.14	1168
大提琴	da4 ti2 qin2	cello	4	3	2.36	3.71	4.36	3.49	2.06	0.45	2.2	0.8	5.18	10.93	0.03	1003
铁链	tie3 lian4	chain	1	2	3.07	4.39	4.42	2.32	2.23	0.58	1.74	0.98	3.65	5.74	0	1047
椅子	yi3 zi3	chair	1	2	3.95	4.03	4.97	2.11	4.14	0.45	0.63	1	2	5.68	0	771
樱桃	ying1 tao2	cherry	1	2	2.69	4	4.19	1.7	2.51	0.55	1.56	0.55	4.12	10.68	0.06	1109
小鸡	xiao3 ji1	chicken	2	2	2.69	4.03	4.33	3.08	2.23	0.83	0.9	0.83	2.06	10.45	0.03	1024
烟囱	yan1 cong1	chimney	1	2	2.88	4.06	4.67	3.19	2.23	0.98	0.17	0.98	3.18	4.69	0	858
教堂	jiao4 tang2	church	1	2	3.24	3.25	4.08	3.19	2.09	0.4	2.09	0.43	5.94	11	0.03	1014
烟	yan1	cigarette	1	1	3.1	4.42	4.39	1.92	2.91	0.73	1.17	0.95	3.69	7.09	0.03	966
钟	zhong1	clock	5	1	2.9	3.61	4.53	2.83	3.57	0.5	2.44	0.98	2	4.2	0	987
夹子	jia1 zi3	cramp	1	2	2.98	3.4	4.61	2.38	3.03	0.68	1.57	0.88	2.94	9.16	0.11	1122
云	yun2	cloud	5	1	2.88	3.28	4.36	1.86	3.43	0.45	2.16	0.98	2.19	3.73	0	988
小丑	xiao3 chou3	clown	1	2	3.19	3.56	3.58	4	1.89	0.6	1.65	0.6	4.44	5.74	0.09	1289
大衣	da4 yi1	coat	1	2	3.24	4.03	4.75	2.32	2.91	0.55	1.69	0.95	3.82	9.21	0.03	899
梳子	shu1 zi3	comb	1	2	2.95	3.42	4.75	2.35	4.26	0.98	0.17	1	2.59	4.2	0	778
指南针	zhi3 nan2 zhen1	compass	4	3	2.81	4.06	4.53	2.76	2.03	0.75	1.32	0.75	4.5	10.4	0.06	997
电脑	dian4 nao3	computer	5	2	3.12	4.36	4.97	4.78	4.54	1	0	1	5.81	2.81	0.03	873
玉米	yu4 mi3	corn	1	2	2.4	4.47	4.75	3.78	3.46	0.95	0.34	1	2.53	3.73	0.03	824
沙发	sha1 fa1	couch	1	2	2.71	4.08	4.86	2.14	3.23	0.93	0.5	0.98	4.25	3.42	0.03	878
牛	niu2	cow	1	1	3.12	3.94	4.67	3.68	2.66	0.68	1.57	0.98	3.76	7.71	0	899
螃蟹	pang2 xie4	crab	4	2	2.95	3.77	4.17	3.19	2.31	0.85	0.61	1	4.12	2.81	0	1051
仙鹤	xian1 he4	crane	5	2	3.07	3.51	3.94	3.22	1.89	0.28	2.54	0.78	4.41	9.16	0.14	1300
皇冠	huang2 guan1	crown	1	2	2.9	3.67	3.67	3.51	1.83	0.48	1.54	0.8	4.06	5.77	0.03	1184
拐杖	guai3 zhang4	crutch	3	2	2.57	3.03	4.42	2.68	2.11	0.73	0.88	0.9	3.53	10.45	0.03	1337
丝瓜	si1 gua1	cucumber	5	2	3.19	4.39	4.14	3.89	2.31	0.53	1.28	0.53	3.5	10.85	0.11	1477
茶杯	cha2 bei1	cup	1	2	3.14	4.11	4.75	1.81	3.91	0.45	1.51	1	2.36	2.74	0	816
窗帘	chuang1 lian2	curtain	4	2	3.19	3.31	4.44	2.54	3.63	0.85	0.64	0.93	2.88	3.58	0.09	1250
飞镖	fei1 biao1	dart	1	2	3.17	3.89	3.89	3.39	1.71	0.48	2.01	0.55	4.94	10.6	0.14	1502
鹿	lu4	deer	1	1	2.79	3.97	4.36	3.24	2.14	0.63	1.53	0.95	3.25	10.64	0.06	1021
书桌	shu1 zhuo1	desk	1	2	2.9	3.5	4.81	2.81	4.06	0.38	1.9	0.95	2.88	10.6	0	1087
钻石	zuan1 shi2	diamond	2	2	2.93	4.06	3.86	2.42	2.14	0.68	0.81	0.7	4.65	10.33	0.06	1245
骰子	tou2 zi3	dice	3	2	2.9	4.35	4.5	3.08	1.94	0.75	0.89	0.75	4.76	9.16	0	1254
恐龙	kong3 long2	dinosaur	3	2	2.79	3.5	3.83	3.11	2.17	0.88	0.36	0.93	4	3.73	0.09	1332
光盘	guang1 pan2	disk	2	2	3.24	4.61	4.81	2.38	3.38	0.53	2.07	0.98	6.06	4.84	0.03	1035
医生	yi1 sheng1	doctor	5	2	3.02	2.69	4.61	4.08	3.2	0.8	0.98	1	2.63	4.42	0	1276
狗	gou3	dog	1	1	3.64	4.22	4.67	2.46	3.46	0.95	0.29	1	1.88	2.48	0	885
驴	lv2	donkey	1	1	2.71	3.71	4.39	3.46	2.11	0.5	2.02	0.7	2.94	8.77	0	1005
门	men2	door	1	1	3.69	3.81	4.86	2.57	4.4	0.83	0.87	0.98	1.76	2.25	0.03	741
门把手	men2 ba3 shou3	door knob	1	3	2.88	3.11	3.72	2.24	3.24	0.15	3.57	0.35	3.63	10.73	0.23	1558
龙	long2	dragon	5	1	2.74	3.92	4.36	4.89	2.23	0.78	0.68	0.83	2.94	3.56	0.03	1009
蜻蜓	qing1 ting2	dragon fly	4	2	3.36	4.61	4.58	3.05	2.09	1	0	1	2.44	3.73	0	875
抽屉	chou1 ti4	drawer	4	2	2.79	3.97	4.69	1.95	3.86	0.85	0.7	0.95	2.94	7.89	0.06	994
连衣裙	lian2 yi1 qun2	dress	1	3	3.38	3.53	4.69	1.95	2.74	0.53	2.1	0.88	3.56	9.16	0	926
柜子	gui4 zi3	dresser	1	2	2.93	3.29	4.69	2.62	3.6	0.63	1.8	0.8	2.5	5.67	0	1167
电钻	dian4 zuan1	drill	2	2	2.9	3.97	4.11	3.27	1.69	0.28	3.09	0.63	5.75	10.73	0.11	1248
鼓	gu3	drum	3	1	2.74	3.92	4.19	3.59	2.17	0.78	1.38	0.98	3	4.58	0.03	971
鸭子	ya1 zi3	duck	1	2	2.83	3.97	4.69	2.62	2.74	0.5	1.19	0.5	2.24	10.6	0.03	975
杠铃	gang4 ling2	dumbbell	2	2	3.12	3.84	4.39	2.92	2.06	0.5	1.62	0.58	5.35	10.6	0.23	1322
鹰	ying1	eagle	1	1	2.52	3.67	4.31	3.43	2.14	0.5	1.92	0.68	3.5	5.58	0.03	1158
耳朵	er3 duo3	ear	1	2	2.33	4.47	4.97	2.57	3.8	0.9	0.57	1	1.94	3.73	0	696
耳环	er3 huan2	earring	4	2	2.88	2.76	4.19	2.57	2.94	0.33	2.93	0.75	3.88	10.55	0.09	1265
蚯蚓	qiu1 yin3	earthworm	1	2	3.14	3.69	3.75	2.32	1.89	0.68	1.27	0.7	2.88	9.03	0.14	1204
鸡蛋	ji1 dan4	egg	2	2	3	4.11	4.19	2.27	4.23	0.68	0.91	1	2	5.78	0.03	969
茄子	qie2 zi3	eggplant	5	2	2.74	3.53	4.25	2.27	3.26	0.7	1.09	0.73	2.63	5.67	0	1188
大象	da4 xiang4	elephant	1	2	2.64	4.42	4.58	3.76	2.17	0.88	0.63	1	2.81	2.63	0	785
信封	xin4 feng1	envelope	1	2	3.17	4.14	4.72	1.22	2.83	0.83	0.77	0.98	3.81	8.92	0	837
橡皮擦	xiang4 pi2 ca1	eraser	2	2	2.6	3.34	4.36	1.57	1.82	0.45	1.9	0.6	2.6	7.17	0.03	1167
眼睛	yan3 jing1	eye	1	2	2.71	4.06	4.97	3	4.29	0.78	1.04	1	1.53	1.94	0	646
扇子	shan4 zi3	fan	5	2	2.86	3.97	4.64	3.95	2.76	0.78	1.23	1	2.33	3.67	0	842
羽毛	yu3 mao2	feather	5	2	2.95	4.09	4.17	2.27	2.66	0.83	1.06	0.95	2.65	6.94	0	996
栅栏	zha4 lan2	fence	1	2	3.14	4.36	4.36	2.05	2.23	0.78	1.05	0.98	4.12	8.67	0.03	1080
食指	shi2 zhi3	finger	1	2	2.52	4.47	4.86	2.54	3.57	0.55	1.4	1	1.44	5.65	0	825
火	huo3	fire	5	1	3.07	3.5	3.67	3.54	3.43	0.48	1.67	0.88	1.75	5.19	0.03	1105
鱼	yu2	fish	1	1	3.14	4.14	4.72	3.46	3.57	0.73	1.4	1	2.18	2.63	0	704
鱼缸	yu2 gang1	fish global	1	2	2.88	3.88	4.36	3.7	2.4	0.7	1.53	0.88	3.75	3.78	0.06	1208
鱼钩	yu2 gou1	fishhook	1	2	3.02	4.09	3.97	1.59	2.09	0.23	1.96	0.58	3.69	10.75	0.11	1283
拳头	quan2 tou2	fist	2	2	2.62	4.47	4.75	3.03	3.29	0.88	0.71	1	2.56	6.69	0	835
红旗	hong2 qi2	flage	1	2	2.88	3.86	4.81	1.73	2.51	0.3	2.17	1	2.38	2.86	0.03	809
软盘	ruan3 pan2	floppy disk	5	2	2.57	4.26	3.44	3.11	3	0.48	2.02	0.83	6.87	10.4	0.11	1573
花	hua1	flower	1	1	4.12	3.61	4.69	2.49	3.77	0.6	1.52	0.83	1.59	2.25	0.06	824
笛子	di2 zi3	flute	1	2	2.79	3.66	2.94	2.95	2.14	0.25	2.52	0.63	3.81	5.77	0.2	1357
苍蝇	cang1 ying2	fly	1	2	2.81	3.69	4.03	3.32	2.83	0.63	1.86	0.7	2.44	10.45	0.06	1127
脚	jiao3	foot	1	1	3.12	4.2	5	2.19	4.32	0.68	1.56	1	1.29	2.25	0	791
橄榄球	gan3 lan3 qiu2	football	1	3	2.1	4	3.11	2.41	1.97	0.45	0.72	0.5	5.75	10.5	0.31	1374
叉子	cha1 zi3	fork	1	2	3.02	4.38	4.67	1.89	2.77	0.88	0.63	0.98	2.75	3.19	0.03	874
狐狸	hu2 li2	fox	1	2	2.69	3.69	4.36	2.97	2.06	0.7	1.27	0.8	2.94	5.78	0	988
青蛙	qing1 wa1	frog	1	2	2.69	4.26	4.72	2.86	2.46	0.9	0.62	1	2.5	2.63	0	809
漏斗	lou4 dou3	funnel	1	2	2.76	4.16	4.5	1.22	2.14	0.98	0.17	0.98	4.06	10.4	0.03	1022
垃圾桶	la1 ji1 tong3	garbage	1	3	3.56	3.58	4.47	2.86	4.14	0.48	1.95	0.53	4	4.2	0.03	1105
长颈鹿	chang2 jing3 lu4	giraffe	1	3	2.43	4.5	4.53	4.3	1.86	0.93	0.45	0.98	3.18	2.63	0	884
女孩	nv3 hai2	girl	4	2	3.71	3.47	4.78	2.73	4.29	0.6	2.12	0.93	2.19	7.84	0	913
杯子	bei1 zi3	glass	1	2	3.4	3.69	4.67	1.76	4.2	0.45	1.75	1	3.13	4.44	0.06	806
眼镜	yan3 jing4	glasses	1	2	3.71	4.44	4.97	2.08	4.17	1	0	1	3.71	2.25	0	694
地球	di4 qiu2	globe	4	2	2.52	4	4.81	3.35	3.09	0.58	1.12	1	3.38	4.42	0	844
手套	shou3 tao4	glove	1	2	3.17	3.97	4.75	2.62	3.12	0.93	0.5	0.95	2.81	2.69	0	751
山羊	shan1 yang2	goat	1	2	2.79	4.26	4.58	2.68	1.97	0.8	0.89	0.95	2.44	9.16	0.03	1049
金鱼	jin1 yu2	goldfish	5	2	3.67	3.32	3.53	4.35	2.34	0.85	0.64	0.9	3.25	7.94	0.03	1222
锣	luo2	gong	5	1	2.27	4	4.25	2.16	1.86	0.73	1.22	0.88	4.19	10.32	0.06	1142
鹅	e2	goose	5	2	3.07	3.53	4.53	1.97	2.57	0.7	1.56	0.93	2.13	4.72	0.03	986
猩猩	xing1 xing1	gorilla	1	2	2.86	3.5	4.28	2.7	2.29	0.6	1.99	0.9	4	4.42	0	1025
葡萄	pu2 tao2	grape	1	2	3.14	4.56	4.75	2.89	3.17	0.98	0.17	0.98	1.81	2.86	0	806
草	cao3	grass	5	1	3.07	3.57	4.47	2.75	3.37	0.48	2.19	0.98	1.44	3.56	0.06	1072
蝗虫	huang2 chong2	grasshopper	1	2	2.64	4.45	4.44	4.05	1.8	0.33	2.32	0.8	4.88	10.67	0.09	1296
吉他	ji2 ta1	guitar	1	2	2.9	4.42	4.69	3.35	2.37	0.8	0.83	0.8	5.53	10.53	0.06	992
手枪	shou3 qiang1	gun	1	2	3.19	4.08	4.39	2.95	2.23	0.73	1.15	1	3.81	2.74	0	716
头发	tou2 fa1	hair	1	2	2.76	2.74	3.36	2.81	4.26	0.55	1.81	0.63	2.06	10.4	0.23	1275
汉堡	han4 bao3	hamburger	1	2	2.64	4.58	4.14	3.46	3.4	0.65	1.29	0.8	6.12	3.81	0.06	1222
锤子	chui2 zi3	hammer	1	2	3.12	4.11	4.72	2.22	2.31	0.58	2.23	0.8	3.06	4.66	0	1148
手	shou3	hand	1	1	3.4	4.42	4.92	2.83	4.4	0.73	1.21	1	1.24	2.25	0.03	726
手铐	shou3 kao4	handcuff	4	2	3.24	4.69	4.36	2.89	1.77	0.95	0.17	0.98	4.44	10.3	0.03	1001
衣架	yi1 jia4	hanger	1	2	2.55	4.17	4.97	1.16	3.89	0.83	1.04	0.98	3.44	3.74	0.06	980
竖琴	shu4 qin2	harp	1	2	3.14	4.13	3.36	3.24	1.39	0.4	1.46	0.4	5.56	10.3	0.14	1141
帽子	mao4 zi3	hat	1	2	3.31	3.51	4.47	2.14	3.46	0.65	1.44	0.98	2.31	4.84	0.03	688
耳机	er3 ji1	headphone	1	2	2.76	3.61	4.53	3.81	4	0.63	1.21	0.95	5.69	10.36	0.09	1407
心	xin1	heart	1	1	2.76	4.09	4.83	1.16	3.69	0.63	1.79	1	2.81	4.58	0.03	856
刺猬	ci4 wei4	hedgehog	2	2	3.38	3.43	3.5	4.43	1.74	0.93	0.18	0.93	3.35	3.73	0	1033
直升机	zhi2 sheng1 ji1	helicopter	1	3	3.48	4.44	4.56	3.16	2.34	0.45	1.53	1	4	4.42	0	888
头盔	tou2 kui1	helmet	1	2	2.95	2.79	2.39	2.73	1.85	0.38	1.16	0.48	5	10.65	0.6	1809
母鸡	mu3 ji1	hen	1	2	2.24	4.36	4.92	2.86	2.51	0.83	0.67	1	2.24	10.4	0.03	836
啄木鸟	zhuo2 mu4 niao3	woodpecker	4	3	3.31	3.46	3.72	3.7	2	1	0	1	3.06	7.84	0.06	1209
河马	he2 ma3	hippo	1	2	2.88	3.58	3.56	3.84	1.86	0.75	0.52	0.75	4.65	7.17	0.03	1223
马蹄	ma3 ti2	hoof	5	2	2.79	3.66	4.17	2.22	1.8	0.4	2.13	0.95	3.69	5.78	0.03	1218
钩子	gou1 zi3	hook	5	2	3.07	3.83	3.78	1.32	2.51	0.53	2.3	0.93	3	3.78	0.03	1069
圆号	yuan2 hao4	horn	1	2	2.86	3.29	4.03	4.27	2.14	0.35	2.4	0.7	5	4.58	0.11	1315
马	ma3	horse	1	1	3.12	4.22	4.75	3.35	2.66	0.98	0.17	1	2.06	2.3	0	916
房子	fang2 zi3	house	1	2	3.86	3.83	4.69	3.59	3.91	0.68	1.79	1	1.69	2.3	0	831
熨斗	yun4 dou3	iron	1	2	2.55	4.53	4.25	3.03	1.94	0.85	0.73	0.98	3.88	10.59	0	995
外套	wai4 tao4	jacket	1	2	3.45	3.72	4.86	2.76	3.71	0.28	2.85	0.75	3.47	11	0	872
洗手池	xi3 shou3 chi2	jar	1	3	3.38	2.66	4.06	2.54	3.6	0.08	4.29	0.6	2.82	10.32	0.14	985
法官	fa3 guan1	judge	5	2	3.31	3.29	4.08	4.27	2.26	0.85	0.64	0.93	5.13	10.6	0.06	1063
袋鼠	dai4 shu3	kangaroo	1	2	2.98	4.43	4.5	3.22	1.85	0.95	0.34	0.98	4.38	3.73	0	892
水壶	shui3 hu2	kettle	1	2	3.05	3.09	4.75	2.54	3.8	0.8	1.17	1	2.69	3.78	0.06	868
钥匙	yue4 chi2	key	1	2	3.19	4.39	4.97	2.08	4.31	1	0	1	2.63	2.79	0.03	694
厨房	chu2 fang2	kitch	2	2	2.52	3.49	4	3.68	2.91	0.68	0.78	0.68	3	5.78	0.06	1283
风筝	feng1 zheng1	kite	1	2	3.55	3.31	4.25	2.24	2.4	0.95	0.17	0.95	3.35	4.58	0.03	849
刀	dao1	knife	1	1	2.83	2.86	3.22	1.38	3.2	0.23	2.56	0.8	2.35	3.56	0.31	1095
梯子	ti1 zi3	ladder	1	2	3.24	4.18	4.69	2.11	2.59	0.78	1.09	0.98	2.47	3.78	0.03	888
羊	yang2	lamb	1	1	2.95	3.39	4.22	2.65	2.5	0.38	2.31	0.85	3.13	10.8	0.09	1278
台灯	tai2 deng1	lamp	1	2	2.93	3	4.58	1.7	3.89	0.9	0.3	0.95	3.53	4.74	0	941
灯笼	deng1 long2	lantern	5	2	3.55	4	4.58	2.22	2.03	1	0	1	2.31	4.17	0	937
割草机	ge1 cao3 ji1	lawnmower	1	3	2.6	3.68	3.11	4.57	1.71	0.25	1.42	0.55	6.18	10.77	0.34	1703
树叶	shu4 ye4	leaf	1	2	3.05	3.64	4.72	2.32	3.54	0.43	1.67	1	2.07	2.3	0	886
腿	tui3	leg	1	1	3.6	3.97	4.97	2	4.09	0.73	1.6	1	1.56	3.41	0	904
柠檬	ning2 meng2	lemon	1	2	2.4	3.93	2.97	1.59	2.91	0.33	2.23	0.33	5.44	7.09	0.17	1434
豹子	bao4 zi3	leopard	5	2	2.65	3.82	4.14	4.35	1.77	0.48	1.66	0.93	3.94	4.69	0.09	1147
信	xin4	letter	3	1	3.1	3.36	4.34	3.92	3.11	0.6	1.84	0.93	3.59	10.68	0	1327
卷心菜	juan4 xin1 cai4	lettuce	1	3	3.02	2.91	2.86	3.19	3	0.2	2.8	0.55	4.31	10.87	0.23	1239
灯泡	deng1 pao4	lightbulb	1	2	2.81	4.33	4.89	2.76	3.14	0.9	0.62	1	2.19	3.41	0	729
狮子	shi1 zi3	lion	1	2	2.54	3.88	4.33	3.49	2.14	0.9	0.55	1	3.13	3.78	0.06	1012
蜥蜴	xi1 yi4	lizard	1	2	2.9	3.45	3.42	2.14	1.76	0.7	1.02	0.7	4.88	10.53	0.06	1410
虾	xia1	lobster	5	1	2.55	4.06	4.61	2.59	2.89	0.68	1.34	0.93	3.53	4.69	0.03	1247
锁	suo3	lock	1	1	2.74	4.46	4.97	2.11	3.53	0.9	0.47	1	2.63	5.68	0	855
藕	ou3	lotus	5	1	3.24	4.31	4.58	3.27	2.89	0.73	1.06	0.93	4.19	8.67	0	944
机关枪	ji1 guan1 qiang1	machine gun	2	3	2.88	3.74	3.78	4.27	1.77	0.45	2.21	0.78	3.71	9.16	0.06	1160
放大镜	fang4 da4 jing4	magnifier	2	3	2.88	4.72	4.47	2.19	2.37	0.98	0.17	0.98	3.94	7.17	0.06	1152
螳螂	tang2 lang2	mantis	5	2	2.74	4.1	4.39	3.95	1.86	0.65	0.95	0.65	4.13	10.27	0.06	1092
地图	di4 tu2	map	3	2	3.05	3.57	4.28	4.24	3.26	0.88	0.68	0.95	3.35	7.8	0.03	1017
海军	hai3 jun1	marine	2	2	3.31	3.97	4.26	3.24	2.06	0.53	2.08	0.75	3.63	7.09	0.17	1052
火柴	huo3 chai2	match	4	2	2.5	3.8	4.69	1.92	2.26	0.9	0.51	0.95	2.44	10.47	0	960
西瓜	xi1 gua1	melon	1	2	2.48	2.86	4.56	2.22	2.91	0.88	0.47	0.88	2.35	2.79	0	972
美人鱼	mei3 ren2 yu2	mermaid	2	3	2.57	3.42	4.11	4.16	1.83	0.93	0.34	0.95	3.94	4.72	0	1186
话筒	hua4 tong3	microphone	2	2	2.67	4.14	4.83	3.11	3.17	0.48	1.42	0.98	4.82	5.74	0	963
显微镜	xian3 wei1 jing4	microscope	1	3	2.67	3.89	4.22	4	2.2	0.88	0.52	0.88	5.63	10.86	0.14	1431
镜子	jing4 zi3	mirror	4	2	3.14	3.56	4.44	2.54	3.94	0.78	0.95	0.93	1.81	3.18	0.03	994
手套	shou3 tao4	mitten	1	2	3.22	3.53	4.72	2.03	3.17	0.9	0.47	1	2.41	3.73	0	829
钞票	chao1 piao4	money	5	2	3.19	3.44	4.33	4.61	4.29	0.35	2.4	0.93	3.88	4.56	0.03	955
和尚	he2 shang4	monk	5	2	2.93	3.47	4.08	3.19	1.94	0.43	3.02	0.78	3.44	5.73	0.06	1097
猴子	hou2 zi3	monkey	1	2	2.93	3.94	4.56	3.03	2.37	0.8	1.03	1	3.41	2.85	0	898
月亮	yue4 liang4	moon	1	2	2.95	4.11	4.75	1.03	3.49	0.63	1.69	1	1.81	2.69	0	743
牵牛花	qian1 niu2 hua1	morning glory	5	3	2.6	3.2	3.86	4.56	1.84	0.55	1.95	0.68	3.06	10.65	0.14	1521
蚊子	wen2 zi3	mosquito	5	2	3.1	3.5	4.22	2.68	2.71	0.6	1.56	0.63	2	10.33	0.06	1395
摩托车	mo2 tuo1 che1	motorcycle	1	3	3.02	4.03	4.81	4.46	2.83	0.7	0.88	1	4.5	3.67	0	867
山	shan1	mountain	1	1	3.45	3.23	4.25	2.19	3.4	0.4	2.31	1	1.94	3.42	0	972
老鼠	lao3 shu3	mouse	1	2	2.79	4.61	4.64	3.05	2.5	0.9	0.62	1	2.29	2.85	0	798
鼠标	shu3 biao1	mouse	4	2	2.93	3.75	4.78	2.62	4.31	0.98	0	0.98	6.56	6.94	0	1040
嘴唇	zui3 chun2	mouth	1	2	2.9	4.47	4.81	1.43	3.71	0.43	1.91	0.98	2.19	3.18	0	755
蘑菇	mo2 gu1	mushroom	1	2	3.19	4.33	4.58	2.86	3.14	0.98	0.17	1	3.41	2.79	0	834
胡子	hu2 zi3	mustache	3	2	2.81	2.97	3.56	3.76	3.15	0.5	1.67	0.58	2.69	8.92	0.14	1374
钉子	ding1 zi3	nail	1	2	2.9	4.6	4.58	1.46	2.66	0.75	1.12	0.9	2.63	7.44	0.03	877
项链	xiang4 lian4	necklace	1	2	3.33	3.69	4.39	1.73	2.94	0.83	1.04	0.9	3.81	5.74	0	860
针	zhen1	needle	1	1	3.32	4.39	4.22	1.49	2.74	0.8	0.93	0.88	2.44	7.44	0.06	933
鱼网	yu2 wang3	net	1	2	2.76	2.29	4.64	2.89	1.89	0.15	3.29	0.75	4	6.69	0.06	979
鼻子	bi2 zi3	nose	1	2	2.74	4.03	4.64	1.62	3.89	0.85	0.55	0.98	1.69	3.74	0	833
护士	hu4 shi4	nurse	2	2	3.14	3.06	4.47	4.24	2.6	0.75	1.25	0.8	3.29	10.59	0	929
螺丝帽	luo2 si1 mao4	nut	1	3	2.55	4.12	4.69	2.14	2.17	0.25	2.95	0.73	4.5	10.41	0.06	1307
洋葱	yang2 cong1	onion	1	2	2.98	3.71	3.97	2.84	2.69	0.43	2.19	0.83	4.35	6.69	0.03	1294
桔子	jie2 zi3	orange	1	2	3.45	3.56	3.44	2.14	3.43	0.53	1.54	0.78	2	5.78	0.11	1330
鸵鸟	tuo2 niao3	ostrich	1	2	2.95	4.09	4.08	2.89	1.89	0.88	0.63	0.88	4.5	10.27	0.09	1137
猫头鹰	mao1 tou2 ying1	owl	1	3	2.52	4.19	4.28	3.84	2	0.98	0.17	0.98	3.65	4.68	0	866
毛笔	mao2 bi3	paintbrush	1	2	3.55	3.64	4.11	1.92	2.23	0.85	0.78	0.9	3	4.73	0	1048
平底锅	ping2 di3 guo1	pan	1	3	2.57	4.14	3.97	2.11	2.29	0.4	2.07	0.68	5.25	5.65	0.11	1449
熊猫	xiong2 mao1	panda	5	2	2.71	4.64	4.78	3.62	2.56	0.88	0.63	1	2.71	3.41	0	704
裤子	ku4 zi3	pants	1	2	3.6	4.33	4.78	1.92	4.34	0.93	0.5	1	1.94	4.2	0	772
礼物	li3 wu4	parcel	4	2	3.33	4.03	4.28	2.38	3.23	0.45	2.33	0.93	3.56	4.56	0	1146
鹦鹉	ying1 wu3	parrot	1	2	3.36	4	4.11	3.46	2.14	0.63	1.62	0.63	4.19	7.86	0.09	1083
桃子	tao2 zi3	peach	1	2	2.95	3.83	3.61	1.65	2.74	0.4	2.26	0.6	2	7.93	0.2	1420
孔雀	kong3 que4	peacock	1	2	2.81	4.03	4.56	3.92	2	0.95	0.34	1	3.13	5.74	0	825
花生	hua1 sheng1	peanut	1	2	2.48	4.36	4.33	2.59	3.29	0.95	0	0.95	2.06	4.42	0.09	1100
梨	li2	pear	1	1	2.81	4.08	4.58	1.16	3.23	0.6	1.66	0.7	1.71	2.69	0	1109
圆珠笔	yuan2 zhu1 bi3	pen	1	3	2.98	3.53	4.81	2.22	4.2	0.35	1.58	1	3.56	10.27	0.03	891
铅笔	qian1 bi3	pencil	1	2	3.36	4.36	4.8	2.22	3.51	0.95	0.29	1	2.06	2.85	0	843
企鹅	qi3 e2	penguin	1	2	3.17	3.75	3.81	2.16	2.23	0.95	0	0.95	3.81	3.58	0.03	960
青椒	qing1 jiao1	pepper	1	2	3.05	4.03	4.44	2.11	3.37	0.28	2.75	0.73	3.88	10.7	0.11	1245
钢琴	gang1 qin2	piano	1	2	3.02	3.94	4.47	4.11	2.54	0.85	0.64	0.98	3.63	4.2	0	936
猪	zhu1	pig	1	1	3.05	4.03	4.78	2.39	3.26	0.85	0.88	1	1.63	3.68	0.03	927
鸽子	ge1 zi3	pigeon	2	2	3.21	3.97	4.47	3.38	2.44	0.38	2.26	0.43	2.44	10.4	0.09	905
存钱罐	cun2 qian2 guan4	piggybank	2	3	2.71	3.81	4.5	2.81	2.14	0.35	2.76	0.9	3.82	7.89	0.09	1071
枕头	zhen3 tou2	pillow	2	2	2.76	3.56	3.92	2.81	4.09	0.73	0.78	0.73	1.81	3.73	0.03	1122
图钉	tu2 ding1	pin	2	2	3.4	4.47	3.83	1.92	2.37	0.7	1.37	0.93	4	10.86	0.11	1160
菠萝	bo1 luo2	pineapple	1	2	3.17	4.53	4.81	3.92	3.29	0.93	0.45	0.98	3.33	3.78	0.03	807
烟斗	yan1 dou3	pipe	1	2	3.07	4.14	4.39	1.7	1.89	0.95	0.34	0.98	4	10.45	0	917
海盗	hai3 dao4	pirate	3	2	3.31	3.91	3.89	4.59	1.86	0.58	2.58	0.85	5	10.5	0	1483
水壶	shui3 hu2	pitcher	1	2	3.48	2.24	4.42	1.84	3.91	0.23	3	0.75	#NULL!	#NULL!	0	1143
行星	xing2 xing1	planet	5	2	2.24	3.58	3.67	2.22	1.88	0.15	3.31	0.78	5.13	7.89	0.23	1388
盘子	pan2 zi3	plate	5	2	2.83	4.44	3.91	1.62	3.63	0.4	2.43	0.65	2.53	7.71	0.17	1155
钳子	qian2 zi3	pliers	1	2	3.1	3.66	4.5	2.16	2.17	0.65	1.64	0.85	3.82	8.92	0.06	1158
插头	cha1 tou2	plug	1	2	3.14	4.19	4.78	2	3.71	0.83	0.84	0.93	3.69	10.33	0	1105
梅花	mei2 hua1	plum blossom	5	2	2.45	4.17	4.56	3	2.12	0.93	0.5	0.98	3.41	10.55	0	923
警察	jing3 cha2	policeman	5	2	2.74	4.06	4.58	4.42	3.14	0.8	1.13	0.95	2.88	2.69	0.03	830
土豆	tu3 dou4	potato	1	2	2.57	3.61	3.56	1.3	4.09	0.7	0.82	0.78	2.81	4.66	0.06	1220
婴儿车	ying1 er2 che1	pram	1	3	2.33	3.56	3.89	3.24	1.91	0.55	1.66	0.7	4.5	10.35	0.14	1227
幻灯机	huan4 deng1 ji1	project	2	3	3.21	3.91	3.06	3.41	2.82	0.23	3.1	0.45	5.69	10.95	0.29	1677
南瓜	nan2 gua1	pumpkin	1	2	2.55	4.06	4.42	2.24	2.46	0.93	0.34	0.95	3.5	5.72	0.03	908
金字塔	jin1 zi4 ta3	pyramid	3	3	2.93	4.39	4.03	3.76	1.91	0.75	1.25	0.75	5.24	10.27	0	1089
兔子	tu4 zi3	rabbit	1	2	3.48	4.29	4.89	2.73	2.74	0.68	1.41	1	2.25	1.94	0	716
收音机	shou1 yin1 ji1	radio	4	3	2.45	3.83	4.5	4.05	3.43	0.8	0.89	0.98	3.25	4.56	0	990
萝卜	luo2 bu3	radish	5	2	3.5	3.39	4.53	3.51	3.17	0.85	0.95	0.95	2.31	3.73	0	930
竹排	zhu2 pai2	raft	2	2	3.1	4.28	3.56	3.97	1.77	0.25	2.52	0.73	5.06	10.4	0.2	1266
铁轨	tie3 gui3	rail	5	2	2.81	4.22	4.44	3.35	2.4	0.53	2.14	0.93	4.47	7.8	0.06	1272
唱片机	chang4 pian4 ji1	record player	1	3	2.95	3.53	3.51	3.53	2.09	0.25	2.34	0.5	5.24	10.95	0.17	1523
冰箱	bing1 xiang1	refrigerator	1	2	2.93	4.11	4.53	2.03	2.94	0.88	0.63	0.93	4.59	3.58	0	857
犀牛	xi1 niu2	rhinoceros	1	2	2.4	4.26	4.03	3.51	1.63	0.78	0.85	0.78	4.82	5.78	0.06	1046
戒指	jie4 zhi3	ring	1	2	3.57	3.94	3.89	2.14	2.74	0.63	1.31	0.63	4.5	10.6	0.09	1310
公路	gong1 lu4	road	5	2	3.21	3.36	4.47	3.73	3.5	0.73	1.26	0.98	3.06	7.17	0.03	1248
机器人	ji1 qi4 ren2	robot	2	3	2.6	3.75	4.31	3.78	2.09	1	0	1	4.31	3.41	0	808
火箭	huo3 jian4	rocket	1	2	3.1	4.11	4.33	3.92	2.26	0.95	0.17	0.98	4	4.72	0.06	1007
椅子	yi3 zi3	rocking chair	1	2	3.29	3.14	4.22	3.39	4.24	0.88	1.91	0.98	4.81	4.66	0.06	855
擀面杖	gan3 mian4 zhang4	rolling pin	1	3	2.81	3.42	3.22	1.38	1.83	0.13	2.64	0.18	3.38	10.6	0.31	1479
屋顶	wu1 ding3	roof	4	2	2.93	3.97	4.83	1.73	3.03	0.43	2.27	0.73	3.25	7.84	0	844
公鸡	gong1 ji1	rooster	1	2	2.76	4.56	4.83	3.27	2.23	0.85	0.8	0.98	2.06	2.69	0	760
绳子	sheng2 zi3	rope	1	2	3.79	4.39	4.72	3.35	3	0.53	2.36	0.95	2.06	5.16	0	892
玫瑰	mei2 gui1	rose	2	2	3.36	4	4.56	3.62	3.14	0.63	1.35	0.93	5.19	7	0	867
地毯	di4 tan3	rug	5	2	3	3.08	4.23	3.38	2.71	0.35	2.76	0.63	4.38	10.77	0.03	1026
尺子	chi3 zi3	rule	1	2	3.4	4.81	4.86	2.11	3.06	0.65	1.32	1	2.69	4.66	0	791
保险柜	bao3 xian3 gui4	safe	4	3	2.95	4.08	4.17	2.46	2.11	0.38	2.6	0.53	5.56	10.35	0.06	1167
帆船	fan1 chuan2	sailboat	1	2	2.38	4.11	4.39	3	2	0.83	0.77	0.98	3.76	7.89	0	920
凉鞋	liang2 xie2	sandals	4	2	3.48	3.03	4.72	3.14	3.18	0.73	1.34	0.93	2.38	10.6	0	1010
三明治	san1 ming2 zhi4	sandwich	1	3	2.95	3	3.61	3	2.83	0.45	2.52	0.78	5.88	9.03	0.17	1461
水瓢	shui3 piao2	saucepan	1	2	2.59	3.53	4.33	1.84	1.66	0.13	3.82	0.63	5.56	10.64	0.14	1427
香肠	xiang1 chang2	sausage	5	2	3.55	3.36	3.53	1.46	3.12	0.33	2.51	0.45	3.88	7.09	0.23	1704
锯	ju4	saw	1	1	2.48	3.23	3.06	2.11	1.8	0.28	2.19	0.63	3.44	9.16	0.14	1240
天平	tian1 ping2	scale	1	2	2.67	3.78	4.47	2.81	2.23	0.88	0.63	0.98	4.53	10.47	0	979
围巾	wei2 jin1	scarf	3	2	2.81	4.39	4.78	3.32	2.8	1	0	1	2.94	3.41	0.03	1009
剪刀	jian3 dao1	scissors	1	2	3.05	4.11	4.78	2.05	3.4	0.88	0.54	1	2.19	1.94	0.03	726
乐谱	le4 pu3	score	2	2	3.24	3.86	4.4	4.46	1.97	0.45	1.71	1	4.94	7.89	0.03	1127
蝎子	xie1 zi3	scorpion	1	2	2.55	4.12	3.92	3.54	1.68	0.68	1.32	0.7	4.35	10.5	0.14	1204
螺丝钉	luo2 si1 ding1	screw	1	3	2.19	4.31	4.11	2.86	2.29	0.35	2.59	0.7	3.88	10.32	0.09	1163
螺丝刀	luo2 si1 dao1	screwdriver	1	3	2.83	3.73	4.75	2.11	2.17	0.48	1.76	0.83	4.63	7.44	0.09	1355
海豹	hai3 bao4	seal	3	2	2.31	3.94	3.61	3.49	1.91	0.45	1.84	0.53	5	10.35	0.03	1356
葱	cong1	scallion	5	1	2.88	4.31	4.58	2.86	3.26	0.73	1.2	0.98	2.38	6.69	0.09	1066
鲨鱼	sha1 yu2	shark	5	2	2.5	4.17	3.89	3.73	1.89	0.7	1.35	0.73	4.56	3.56	0.06	1000
绵羊	mian2 yang2	sheep	1	2	2.98	3.56	4.17	3.05	2.03	0.48	1.73	0.83	2.81	10.4	0.03	1183
盾牌	dun4 pai2	shield	5	2	3.33	3.83	3	2.7	1.71	0.3	1.51	0.58	5	10.27	0.06	1216
衬衫	chen4 shan1	shirt	1	2	2.33	3.81	4.78	2.62	3.54	0.35	2.25	0.95	3.06	10.68	0	912
鞋	xie2	shoe	1	1	2.98	3.69	4.86	3.08	4.26	0.43	1.8	0.98	1.46	1.94	0	744
铲子	chan3 zi3	shovel	5	2	3.07	4.2	4.5	1.68	2.06	0.4	1.9	0.95	3.31	4.74	0.06	1063
蚕	can2	silkworm	5	1	2.88	3.29	3.56	3.57	1.83	0.45	1.67	0.45	3.59	10.8	0.06	1125
溜冰鞋	liu1 bing1 xie2	skate	4	3	3.45	3.69	4.39	2.6	2.89	0.25	2.76	0.85	5.81	5.72	0.03	1166
裙子	qun2 zi3	skirt	1	2	3.05	3.11	4.31	1.32	3.12	0.65	1.55	0.95	2.44	4.18	0.03	956
骷髅	ku1 lou2	skull	1	2	2.81	4.25	4.25	3.7	1.71	0.6	1.62	1	5.69	9.03	0	910
雪橇	xue3 qiao1	sleigh	1	2	2.74	3	2.86	3	1.8	0.35	2	0.5	5.56	10.45	0.26	1396
拖鞋	tuo1 xie2	slippers	3	2	2.58	3.75	4.81	1.57	4.18	0.98	0.17	1	2.88	2.3	0	761
蜗牛	wo1 niu2	snail	1	2	2.45	4.47	4.56	2.68	1.94	0.98	0	0.98	3.69	3.56	0	913
蛇	she2	snake	1	1	3.12	4.25	4.58	3.76	2.29	0.93	0.29	0.98	2.56	3.18	0.03	783
雪花	xue3 hua1	snow	5	2	3.55	3.89	4.31	2.73	2.37	0.9	0.35	0.93	2.31	4.74	0	1140
雪人	xue3 ren2	snowman	1	2	2.76	4.26	4.75	2.24	1.89	0.98	0.17	1	2.5	2.79	0	896
足球	zu2 qiu2	soccer	5	2	3.05	4.56	4.83	3.7	3.63	1	0	1	4.06	4.68	0	803
袜子	wa4 zi3	socks	1	2	3.19	4.33	4.81	1.97	4.29	0.88	0.78	0.98	1.88	2.54	0	803
扳手	ban1 shou3	spanner	4	2	2.86	4.52	4.75	3.38	1.91	0.3	1.7	0.6	5	10.23	0	1153
矛	mao2	spear	5	1	2.76	3.58	4.03	2.41	1.8	0.28	2.63	0.9	4.69	10.75	0.09	1296
地球仪	di4 qiu2 yi2	tellurion	4	3	2.93	4.11	4.72	3.05	2.49	1	0	1	4.13	7.17	0	841
蜘蛛	zhi1 zhu1	spider	1	2	2.4	3.75	4.22	2.78	2.37	0.83	0	0.83	2.76	5.18	0.11	1194
纺车	fang3 che1	spinning wheel	1	2	2.78	3.22	2.94	3.59	1.63	0.45	2.18	0.65	5.13	10.86	0.31	1398
勺子	shao2 zi3	spoon	1	2	2.95	4.31	4.92	1.35	3.77	0.63	1.91	1	2	2.54	0	789
三角板	san1 jiao3 ban3	square	2	3	3.07	4.2	4.72	1.51	2.2	0.53	1.43	1	3.63	5.18	0	892
松鼠	song1 shu3	squirrel	1	2	2.74	4.5	4.33	2.65	1.83	0.98	0.17	1	3.47	4.56	0	1075
台阶	tai2 jie1	staircase	5	2	3.05	4.33	4.81	1.83	3.54	0.45	2.03	1	3.53	3.67	0	869
印章	yin4 zhang1	seal	2	2	3.62	3.83	4.61	1.86	2.4	0.7	1.39	0.93	4.88	6.69	0.03	1124
邮票	you2 piao4	stamp	5	2	3.67	3.75	4.17	4.54	2.83	0.95	0.29	0.95	3.56	9.16	0.06	1071
五角星	wu3 jiao3 xing1	star	1	3	2.95	4.61	4.97	1.05	2.63	0.68	1.11	1	2.31	2.54	0	753
方向盘	fang1 xiang4 pan2	steering wheel	2	3	2.93	4.56	4.75	2.49	2.51	0.95	0.17	0.95	4.65	4.73	0.14	1338
听诊器	ting1 zhen3 qi4	stethoscope	1	3	2.57	3.91	4.31	2.59	1.89	0.8	0.56	0.88	4.24	10.73	0.06	1284
凳子	deng4 zi3	stool	1	2	3	3.58	4.64	2.08	3.86	0.65	1.9	0.93	1.94	3.56	0	800
草莓	cao3 mei2	strawberry	1	2	2.83	4.28	4.53	2.62	3.09	1	0	1	3.18	2.69	0	1068
皮箱	pi2 xiang1	suitcase	1	2	3.12	3.53	4.42	2.86	2.97	0.23	3.15	1	3.88	7.17	0	972
相扑	xiang1 pu1	sumo	2	2	2.22	3.44	4	3.43	1.57	0.53	2.39	0.78	5.88	10.85	0.09	1153
太阳	tai4 yang2	sun	1	2	2.9	4.56	4.89	1.35	4.03	0.98	0.17	1	1.65	2.54	0	685
向日葵	xiang4 ri4 kui2	sunflower	4	3	2.52	4.11	4.58	3.16	2.31	0.9	0.67	0.95	3.31	10.27	0.03	867
燕子	yan4 zi3	swallow	4	2	2.95	4.63	4.61	3.51	2.43	0.93	0.45	1	2.41	4.56	0	991
鹅	e2	swan	1	1	3.2	3.75	4.58	2.41	2.21	0.65	1.14	0.65	3.63	9.07	0	1004
毛衣	mao2 yi1	sweater	1	2	3.52	3.83	4.89	2.78	3.23	0.7	1.66	0.78	2.94	8.64	0	904
秋千	qiu1 qian1	swing	1	2	2.98	4.42	4.44	1.78	2.37	0.8	0.38	0.83	2.94	10.4	0.06	1251
剑	jian4	sword	5	1	3.38	3.84	4.39	1.76	2.06	0.95	0.34	0.98	3.63	4.73	0.06	1042
注射器	zhu4 she4 qi4	syringe	1	3	3.07	4.64	4.67	3.22	2.03	0.4	2.08	1	4.13	4.72	0	942
乒乓球拍	ping1 pang1 qiu2 pai1	table tennis bat	1	4	2.85	4.5	4.92	1.97	2.69	0.75	1.14	1	4.47	5.65	0.03	973
桌子	zhuo1 zi3	table	1	2	3.02	4.14	4.67	2.19	4.23	0.7	1.5	0.95	2	2.85	0	906
尾巴	wei3 ba1	tail	5	2	3.29	2.94	3.61	2.46	2.56	0.58	1.85	0.9	2.63	5.19	0.2	1340
坦克	tan3 ke4	tank	2	2	3.43	3.92	4.31	2.35	2	0.93	0.18	0.93	3.88	4.69	0.03	1012
靶子	ba3 zi3	target	2	2	3.1	3.4	4.25	3.46	1.83	0.2	3.29	0.75	4.24	10.47	0.26	1349
电话	dian4 hua4	telephone	1	2	3	3.5	4.78	3.32	4.46	0.88	0.63	1	4.19	2.54	0.03	752
望远镜	wang4 yuan3 jing4	telescope	5	3	3.33	2.61	4.22	1.97	2.26	0.9	1.17	0.9	4.13	5.78	0.06	1153
电视	dian4 shi4	television	1	2	3.57	3.94	5	2.81	3.97	0.55	1.27	0.98	2.88	4.18	0	782
网球拍	wang3 qiu2 pai1	tennis racket	1	4	2.9	4.22	4.61	3.3	2.88	0.43	2.03	0.45	4.31	11	0	877
帐篷	zhang4 peng2	tent	3	2	2.69	4.19	4.47	2.27	2.11	0.93	0.34	0.93	4.63	5.74	0	963
试管	shi4 guan3	test-tube	2	2	2.83	3.42	3.47	1.86	2.26	0.78	0.9	0.85	5.75	11	0.31	1524
温度计	wen1 du4 ji4	thermograph	1	3	2.81	3.58	4.64	2.95	2.69	0.93	0.5	0.98	4.06	7.8	0	1046
线轴	xian4 zhou2	thread spool	1	2	2.95	3.32	4.11	3.32	1.71	0.3	3.04	0.68	4.75	7.84	0.09	1391
拇指	mu3 zhi3	thumb	1	2	2.36	4.22	4.97	2.08	3.71	0.55	1.28	0.95	2.41	3.78	0.03	889
领带	ling3 dai4	tie	1	2	2.98	4.5	4.58	2.62	2.86	1	0	1	5.75	7.17	0	841
老虎	lao3 hu3	tiger	1	2	3.02	3.83	4.33	4.11	2.26	0.73	1.31	0.9	2.29	2.69	0	1009
轮胎	lun2 tai1	tire	1	2	3.62	4.33	4.67	3.57	2.8	0.65	1.47	0.98	3.73	6.94	0	912
马桶	ma3 tong3	toilet	2	2	2.26	4.19	4.72	2.22	3.4	0.73	1.35	1	4.88	9.19	0.03	995
西红柿	xi1 hong2 shi4	tomato	1	3	2.78	4.39	4.61	1.92	3.8	0.6	1.27	0.65	2.94	5.77	0.03	1186
舌头	she2 tou2	tongue	5	2	2.64	3.14	4.64	2.05	3.54	0.7	1.26	0.85	1.94	3.73	0.03	1056
牙齿	ya2 chi3	tooth	5	2	3.64	2.28	4.17	2.32	4	0.38	2.25	0.75	1.81	4.73	0.03	1183
牙刷	ya2 shua1	toothbrush	1	2	2.98	4.39	4.92	2.62	4.43	0.98	0	1	2.25	3.42	0	773
陀螺	tuo2 luo2	top	1	2	2.5	3.47	3.89	2.59	1.57	0.65	0.73	0.8	3.69	7.69	0.09	1194
手电筒	shou3 dian4 tong3	torch	5	3	2.81	4.03	4.83	2.73	2.57	0.65	1.49	0.95	3.06	7.92	0	1013
塔	ta3	tower	5	1	3.54	2.76	3.64	4.41	2.29	0.4	1.75	0.68	5.06	10.35	0.23	1255
毛巾	mao2 jin1	towel	5	2	3.19	4.22	4.36	2.3	4.34	0.9	0.35	0.95	2.19	4.42	0.03	994
拖拉机	tuo1 la1 ji1	tractor	1	3	3.26	3.54	4.03	4.19	2	0.55	2.04	0.65	3.06	10.55	0.11	1132
红绿灯	hong2 lv1 deng1	traffic light	1	3	2.67	3.92	4.44	2.92	3.83	0.48	1.3	0.85	3.75	5.68	0.06	1188
火车	huo3 che1	train	1	2	3.1	4.08	4.81	4.32	3.17	0.98	0.17	1	3.56	2.3	0.03	861
大树	da4 shu4	tree	1	2	3.86	4.31	4.81	3.46	3.83	0.5	1.29	0.98	2	2.3	0	856
树桩	shu4 zhuang1	tree stump	2	2	3.25	4.33	4.57	2.27	2.03	0.6	1.63	0.8	3.38	10.85	0	1122
三轮车	san1 lun2 che1	tricycle	4	3	2.57	2.22	4.06	3.78	2.5	0.2	3.14	0.4	3.44	10.86	0.11	1204
卡车	qia3 che1	truck	1	2	2.88	3.56	4.64	2.54	2.71	0.38	2.24	0.88	2.93	7.09	0.03	1049
小号	xiao3 hao4	trumpet	1	2	2.24	4.24	4.44	3.35	1.8	0.5	1.94	0.95	5.53	5.42	0.06	1082
海螺	hai3 luo2	trumpet shell	5	2	2.52	3.62	3.28	3.65	1.94	0.75	1.25	0.75	5	10.27	0.14	1395
郁金香	yu4 jin1 xiang1	tulip	4	3	3.21	3.5	4.47	2.7	2.31	0.38	2.38	0.38	5.35	11	0.17	984
隧道	sui4 dao4	tunnel	2	2	3.05	3.97	4.03	3.89	2.14	0.5	1.87	0.7	5.35	10.7	0.11	1429
乌龟	wu1 gui1	turtel	1	2	2.83	4.46	4.47	3.16	2.4	0.8	0.72	1	3	2.54	0	754
雨伞	yu3 san3	umbrella	1	2	3.71	4.47	4.89	2.68	3.03	0.58	1.21	1	2.76	1.94	0	698
花瓶	hua1 ping2	vase	1	2	3.05	3.94	4.42	3.16	2.97	0.8	0.98	0.95	3	4.42	0	913
小提琴	xiao3 ti2 qin2	violin	1	3	2.43	4.42	4.42	3.89	2.03	0.48	2.28	0.65	4.5	5.74	0.09	906
排球	pai2 qiu2	volleyball	5	2	2.74	4.22	4.61	2.03	2.66	0.7	1.42	0.7	4.63	10.27	0.06	968
马甲	ma3 jia3	vest	1	2	2.86	3.94	4.72	2.32	2.37	0.7	1.42	1	4.53	10.75	0.03	1034
背心	bei4 xin1	waterfall	4	2	3.24	4.36	4.83	1.97	3.34	0.88	0.68	0.9	2.4	4.42	0.03	935
墙	qiang2	wall	5	1	3.69	3.56	4.86	3.81	3.37	0.68	1.48	0.9	2.25	3.81	0	1031
钱包	qian2 bao1	wallet	2	2	3.29	3.37	4.69	3.05	4.23	0.7	1.1	0.98	3.25	4.68	0	1155
洗衣机	xi3 yi1 ji1	washer	1	3	3.14	3.56	4.19	3.38	2.8	0.88	0.36	0.88	3.65	5.19	0.09	1100
手表	shou3 biao3	watch	1	2	2.98	4.17	4.89	3.14	3.83	0.93	0.38	1	3.06	2.54	0	787
瀑布	pu4 bu4	waterfall	3	2	2.74	3.72	4.22	4.38	2.06	0.98	0	0.98	3.73	8.27	0.03	986
喷壶	pen1 hu2	watering can	1	2	2.76	3.85	4.33	2.49	2.11	0.3	2.95	0.95	4.38	4.68	0	1118
水井	shui3 jing3	well	1	2	3.12	3.58	3.72	3.67	1.89	0.45	1.75	0.83	2.63	10.92	0.11	1211
鲸鱼	jing1 yu2	whale	5	2	3.55	3.84	3.89	3	2.06	0.38	1.86	0.75	3.94	10.3	0.09	1281
车轮	che1 lun2	wheel	1	2	2.74	3.23	4.36	3.24	2.74	0.45	1.6	0.98	2.35	3.41	0.03	901
鞭子	bian1 zi3	whip	5	2	3.32	4.11	3.14	2.16	2.06	0.63	1.1	0.8	3.06	8.88	0.17	1303
哨子	shao4 zi3	whistle	1	2	2.65	4.51	4.58	2.08	2.26	0.58	1.4	0.98	2.69	5.74	0.03	1028
野猪	ye3 zhu1	wild boar	2	2	2.19	2.41	2.81	2.81	1.94	0.3	1.98	0.65	4.38	10.55	0.11	1338
风车	feng1 che1	windmill	1	2	2.74	3.86	3.94	4.38	1.84	0.88	0.52	0.93	3.94	10.41	0.06	1054
窗户	chuang1 hu4	window	1	2	2.69	3.03	4.53	2.78	4.24	0.43	1.79	0.7	1.94	4.73	0	990
酒杯	jiu3 bei1	wineglass	1	2	3.52	4.25	4.81	1.81	2.83	0.58	1.57	1	2.94	10.3	0	809
狼	lang2	wolf	1	1	2.76	3.29	4	2.38	1.91	0.65	1.55	0.68	2.65	7.45	0.11	1418
毛毛虫	mao2 mao2 chong2	worm	5	3	2.38	3.86	3.47	4.08	1.94	0.25	2.63	0.45	2.07	11	0.06	1162
扳手	ban1 shou3	wrench	1	2	2.55	3.36	4.53	1.51	2	0.45	1.98	0.78	5	10.93	0.17	1080
斑马	ban1 ma3	zebra	1	2	2.6	4.42	4.42	4.05	1.97	0.98	0	0.98	4.63	4.12	0.03	835
拉链	la1 lian4 	zipper	4	2	3.02	3.92	4.14	2.67	3.51	0.88	0.18	0.88	3.35	6.94	0.17	1140